0.000,-1.396,-0.000,-0.000,-0.000,0.000,-0.000,1.396,-0.000,0.000,-0.000,-0.000,0.000,0.000,0.000,0.000
0.000,-1.396,-0.000,-0.000,-0.000,0.000,-0.000,1.396,-0.000,0.000,-0.000,-0.000,0.000,0.000,0.000,0.000
0.000,-1.396,0.000,-0.000,0.000,-0.000,0.000,1.396,-0.000,0.000,-0.000,-0.000,0.000,0.000,0.000,0.000
0.000,-1.396,0.000,-0.000,0.000,-0.000,-0.000,1.396,-0.000,0.000,-0.000,-0.000,0.000,0.000,0.000,0.000
0.000,-1.396,0.000,-0.000,0.000,-0.000,-0.000,1.396,-0.000,0.000,-0.000,-0.000,0.000,0.000,0.000,0.000
0.000,-1.396,0.001,-0.001,0.001,-0.000,-0.000,1.396,-0.001,0.001,-0.000,-0.000,0.000,0.000,0.000,0.000
0.000,-1.395,0.001,-0.002,0.001,-0.000,-0.000,1.396,-0.001,0.002,-0.000,-0.000,0.000,0.000,0.000,0.000
0.000,-1.394,0.003,-0.004,0.002,-0.000,-0.000,1.395,-0.003,0.003,-0.001,-0.000,0.000,0.000,0.000,0.000
0.001,-1.394,0.004,-0.006,0.003,-0.000,-0.000,1.394,-0.005,0.005,-0.001,-0.000,0.000,0.000,0.000,0.000
0.001,-1.394,0.004,-0.006,0.003,-0.000,-0.000,1.394,-0.005,0.005,-0.001,-0.000,0.000,0.000,0.000,0.000
0.001,-1.391,0.009,-0.012,0.005,-0.000,-0.000,1.392,-0.009,0.010,-0.002,-0.000,0.000,0.000,0.000,0.000
0.002,-1.390,0.010,-0.014,0.006,-0.000,-0.000,1.391,-0.010,0.012,-0.003,-0.000,0.000,0.000,0.000,0.000
0.002,-1.387,0.015,-0.020,0.009,-0.000,-0.001,1.388,-0.015,0.018,-0.004,-0.000,0.000,0.000,0.000,0.000
0.003,-1.386,0.017,-0.023,0.010,-0.000,-0.001,1.387,-0.017,0.020,-0.005,-0.000,0.000,0.000,0.000,0.000
0.004,-1.382,0.023,-0.032,0.014,-0.000,-0.001,1.384,-0.024,0.028,-0.006,-0.000,0.000,0.000,0.000,0.000
0.004,-1.380,0.026,-0.035,0.016,-0.000,-0.001,1.382,-0.026,0.031,-0.007,-0.000,0.000,0.000,0.000,0.000
0.006,-1.375,0.034,-0.047,0.021,-0.000,-0.001,1.378,-0.035,0.041,-0.009,-0.000,0.000,0.000,0.000,0.000
0.006,-1.373,0.037,-0.051,0.022,-0.000,-0.001,1.376,-0.038,0.044,-0.010,-0.000,0.000,0.000,0.000,0.000
0.007,-1.369,0.044,-0.060,0.027,-0.000,-0.002,1.372,-0.045,0.052,-0.012,-0.000,0.000,0.000,0.000,0.000
0.009,-1.364,0.051,-0.070,0.031,-0.000,-0.002,1.368,-0.052,0.061,-0.014,-0.000,0.000,0.000,0.000,0.000
0.010,-1.360,0.059,-0.081,0.036,-0.000,-0.002,1.364,-0.061,0.070,-0.016,-0.000,0.000,0.000,0.000,0.000
0.012,-1.351,0.072,-0.099,0.044,-0.000,-0.003,1.357,-0.074,0.086,-0.020,-0.000,0.000,0.000,0.000,0.000
0.013,-1.348,0.077,-0.106,0.047,-0.000,-0.003,1.354,-0.079,0.092,-0.021,-0.000,0.000,0.000,0.000,0.000
0.015,-1.339,0.093,-0.126,0.056,-0.000,-0.003,1.346,-0.095,0.110,-0.025,-0.000,0.000,0.000,0.000,0.000
0.017,-1.332,0.104,-0.141,0.062,-0.000,-0.004,1.340,-0.106,0.123,-0.028,-0.000,0.000,0.000,0.000,0.000
0.017,-1.332,0.104,-0.141,0.062,-0.000,-0.004,1.340,-0.106,0.123,-0.028,-0.000,0.000,0.000,0.000,0.000
0.021,-1.317,0.128,-0.174,0.077,-0.000,-0.005,1.326,-0.131,0.152,-0.034,-0.000,0.000,0.000,0.000,0.000
0.022,-1.313,0.134,-0.183,0.081,-0.000,-0.005,1.323,-0.137,0.160,-0.036,-0.000,0.000,0.000,0.000,0.000
0.026,-1.301,0.154,-0.211,0.093,-0.000,-0.006,1.312,-0.158,0.184,-0.042,-0.000,0.000,0.000,0.000,0.000
0.027,-1.296,0.161,-0.220,0.097,-0.000,-0.006,1.308,-0.165,0.192,-0.044,-0.000,0.000,0.000,0.000,0.000
0.031,-1.282,0.184,-0.251,0.111,-0.000,-0.007,1.296,-0.188,0.218,-0.049,-0.000,0.000,0.000,0.000,0.000
0.032,-1.278,0.191,-0.261,0.115,-0.000,-0.007,1.292,-0.196,0.228,-0.052,-0.000,0.000,0.000,0.000,0.000
0.036,-1.263,0.215,-0.294,0.130,-0.000,-0.008,1.279,-0.220,0.256,-0.058,-0.000,0.000,0.000,0.000,0.000
0.037,-1.258,0.223,-0.305,0.135,-0.000,-0.008,1.274,-0.229,0.266,-0.060,-0.000,0.000,0.000,0.000,0.000
0.041,-1.242,0.249,-0.340,0.150,-0.000,-0.009,1.260,-0.255,0.296,-0.067,-0.000,0.000,0.000,0.000,0.000
0.043,-1.236,0.258,-0.352,0.156,-0.000,-0.009,1.255,-0.264,0.307,-0.069,-0.000,0.000,0.000,0.000,0.000
0.046,-1.225,0.276,-0.377,0.166,-0.000,-0.010,1.245,-0.282,0.328,-0.074,-0.000,0.000,0.000,0.000,0.000
0.050,-1.208,0.304,-0.415,0.183,-0.000,-0.011,1.230,-0.311,0.361,-0.082,-0.000,0.000,0.000,0.000,0.000
0.052,-1.202,0.313,-0.428,0.189,-0.000,-0.011,1.225,-0.321,0.372,-0.084,-0.000,0.000,0.000,0.000,0.000
0.057,-1.184,0.342,-0.467,0.207,-0.000,-0.013,1.209,-0.351,0.407,-0.092,-0.000,0.000,0.000,0.000,0.000
0.059,-1.178,0.352,-0.481,0.212,-0.000,-0.013,1.204,-0.361,0.419,-0.095,-0.000,0.000,0.000,0.000,0.000
0.064,-1.159,0.382,-0.522,0.231,-0.001,-0.014,1.187,-0.392,0.455,-0.103,-0.001,0.000,0.000,0.000,0.000
0.067,-1.146,0.403,-0.550,0.243,-0.001,-0.015,1.176,-0.413,0.479,-0.109,-0.001,0.000,0.000,0.000,0.000
0.067,-1.146,0.403,-0.550,0.243,-0.001,-0.015,1.176,-0.413,0.479,-0.109,-0.001,0.000,0.000,0.000,0.000
0.074,-1.120,0.445,-0.608,0.269,-0.001,-0.016,1.153,-0.456,0.529,-0.120,-0.001,0.000,0.000,0.000,0.000
0.076,-1.114,0.456,-0.622,0.275,-0.001,-0.017,1.147,-0.467,0.542,-0.123,-0.001,0.000,0.000,0.000,0.000
0.081,-1.094,0.488,-0.666,0.294,-0.001,-0.018,1.129,-0.500,0.580,-0.132,-0.001,0.000,0.000,0.000,0.000
0.083,-1.087,0.499,-0.681,0.301,-0.001,-0.018,1.124,-0.511,0.593,-0.134,-0.001,-0.000,0.000,0.000,0.000
0.088,-1.067,0.531,-0.726,0.321,-0.001,-0.019,1.106,-0.544,0.632,-0.143,-0.001,-0.000,0.000,0.000,0.000
0.090,-1.060,0.542,-0.741,0.327,-0.001,-0.020,1.100,-0.556,0.645,-0.146,-0.001,0.000,0.000,0.000,0.000
0.094,-1.046,0.564,-0.771,0.341,-0.001,-0.021,1.088,-0.578,0.671,-0.152,-0.001,0.000,-0.000,0.000,0.000
0.097,-1.033,0.586,-0.801,0.354,-0.001,-0.021,1.076,-0.601,0.698,-0.158,-0.001,0.000,-0.000,0.000,0.000
0.101,-1.019,0.608,-0.831,0.367,-0.001,-0.022,1.064,-0.623,0.724,-0.164,-0.001,-0.000,0.000,0.000,0.000
0.107,-0.998,0.641,-0.876,0.387,-0.001,-0.023,1.046,-0.657,0.763,-0.173,-0.001,0.000,-0.000,0.000,0.000
0.108,-0.992,0.652,-0.891,0.393,-0.001,-0.024,1.040,-0.668,0.776,-0.176,-0.001,0.000,0.000,0.000,0.000
0.114,-0.971,0.685,-0.935,0.413,-0.001,-0.025,1.022,-0.701,0.815,-0.185,-0.001,-0.000,0.000,0.000,0.000
0.117,-0.958,0.706,-0.965,0.426,-0.001,-0.026,1.010,-0.723,0.840,-0.190,-0.001,0.000,0.000,0.000,0.000
0.117,-0.958,0.706,-0.965,0.426,-0.001,-0.026,1.010,-0.723,0.840,-0.190,-0.001,-0.000,0.000,0.000,0.000
0.124,-0.932,0.749,-1.023,0.452,-0.001,-0.027,0.987,-0.767,0.891,-0.202,-0.001,-0.000,-0.000,0.000,0.000
0.124,-0.932,0.749,-1.023,0.452,-0.001,-0.027,0.987,-0.767,0.891,-0.202,-0.001,-0.000,0.000,0.000,0.000
0.131,-0.906,0.790,-1.079,0.477,-0.001,-0.029,0.964,-0.809,0.940,-0.213,-0.001,-0.000,0.000,0.000,0.000
0.133,-0.900,0.800,-1.093,0.483,-0.001,-0.029,0.959,-0.820,0.952,-0.216,-0.001,0.000,0.000,0.000,0.000
0.138,-0.881,0.830,-1.134,0.501,-0.001,-0.030,0.942,-0.851,0.988,-0.224,-0.001,0.000,0.000,0.000,0.000
0.140,-0.875,0.840,-1.147,0.507,-0.001,-0.031,0.937,-0.861,1.000,-0.226,-0.001,0.000,-0.000,0.000,0.000
0.144,-0.857,0.869,-1.187,0.524,-0.001,-0.032,0.921,-0.890,1.034,-0.234,-0.001,0.000,-0.000,0.000,0.000
0.146,-0.851,0.878,-1.200,0.530,-0.001,-0.032,0.916,-0.900,1.045,-0.237,-0.001,0.000,0.000,0.000,0.000
0.151,-0.834,0.906,-1.237,0.547,-0.001,-0.033,0.901,-0.928,1.078,-0.244,-0.001,0.000,0.000,0.000,0.000
0.152,-0.829,0.915,-1.249,0.552,-0.001,-0.033,0.896,-0.937,1.088,-0.247,-0.001,0.000,0.000,0.000,0.000
0.156,-0.813,0.941,-1.285,0.568,-0.001,-0.034,0.882,-0.964,1.119,-0.254,-0.001,0.000,0.000,-0.000,0.000
0.158,-0.807,0.949,-1.296,0.573,-0.001,-0.035,0.877,-0.972,1.129,-0.256,-0.001,0.000,0.000,-0.000,0.000
0.162,-0.792,0.973,-1.330,0.587,-0.001,-0.036,0.864,-0.997,1.158,-0.262,-0.001,0.000,0.000,-0.000,0.000
0.163,-0.787,0.981,-1.340,0.592,-0.001,-0.036,0.860,-1.005,1.168,-0.265,-0.001,0.000,0.000,-0.000,0.000
0.166,-0.778,0.997,-1.361,0.601,-0.001,-0.036,0.851,-1.021,1.186,-0.269,-0.001,0.000,0.000,-0.000,0.000
0.168,-0.769,1.011,-1.381,0.610,-0.001,-0.037,0.843,-1.036,1.203,-0.273,-0.001,0.000,0.000,-0.000,0.000
0.170,-0.760,1.025,-1.400,0.619,-0.001,-0.038,0.836,-1.050,1.220,-0.276,-0.001,0.000,0.000,-0.000,0.000
0.173,-0.752,1.038,-1.418,0.627,-0.001,-0.038,0.828,-1.064,1.236,-0.280,-0.001,0.000,0.000,-0.000,0.000
0.175,-0.744,1.051,-1.436,0.634,-0.001,-0.038,0.821,-1.077,1.251,-0.283,-0.001,0.000,0.000,-0.000,0.000
0.178,-0.733,1.069,-1.460,0.645,-0.001,-0.039,0.812,-1.095,1.272,-0.288,-0.001,0.000,0.000,-0.000,0.000
0.179,-0.730,1.075,-1.468,0.648,-0.001,-0.039,0.809,-1.101,1.278,-0.290,-0.001,0.000,0.000,-0.000,0.000
0.181,-0.720,1.090,-1.489,0.658,-0.001,-0.040,0.800,-1.117,1.297,-0.294,-0.001,0.000,0.000,-0.000,0.000
0.183,-0.714,1.100,-1.502,0.664,-0.001,-0.040,0.795,-1.127,1.309,-0.297,-0.001,0.000,0.000,-0.000,0.000
0.183,-0.714,1.100,-1.502,0.664,-0.001,-0.040,0.795,-1.127,1.309,-0.297,-0.001,0.000,0.000,-0.000,0.000
0.186,-0.703,1.117,-1.526,0.674,-0.001,-0.041,0.785,-1.145,1.329,-0.301,-0.001,0.000,0.000,-0.000,0.000
0.186,-0.701,1.121,-1.532,0.677,-0.002,-0.041,0.783,-1.149,1.334,-0.302,-0.002,0.000,0.000,-0.000,0.000
0.188,-0.694,1.132,-1.546,0.683,-0.002,-0.041,0.777,-1.160,1.347,-0.305,-0.002,0.000,0.000,-0.000,0.000
0.189,-0.692,1.135,-1.551,0.685,-0.002,-0.042,0.775,-1.163,1.351,-0.306,-0.002,0.000,0.000,-0.000,0.000
0.190,-0.686,1.144,-1.563,0.690,-0.002,-0.042,0.771,-1.172,1.361,-0.308,-0.002,0.000,0.000,-0.000,0.000
0.191,-0.685,1.147,-1.566,0.692,-0.002,-0.042,0.769,-1.175,1.364,-0.309,-0.002,0.000,0.000,-0.000,0.000
0.191,-0.682,1.152,-1.573,0.695,-0.002,-0.042,0.767,-1.180,1.370,-0.310,-0.002,0.000,0.000,-0.000,0.000
0.192,-0.680,1.154,-1.576,0.696,-0.002,-0.042,0.765,-1.182,1.373,-0.311,-0.002,0.000,0.000,-0.000,0.000
0.193,-0.676,1.161,-1.586,0.701,-0.002,-0.043,0.761,-1.189,1.381,-0.313,-0.002,0.000,0.000,-0.000,0.000
0.193,-0.675,1.162,-1.588,0.701,-0.002,-0.043,0.761,-1.191,1.383,-0.313,-0.002,0.000,0.000,-0.000,0.000
0.194,-0.673,1.166,-1.593,0.704,-0.002,-0.043,0.758,-1.195,1.388,-0.314,-0.002,0.000,0.000,-0.000,0.000
0.194,-0.672,1.167,-1.594,0.704,-0.002,-0.043,0.758,-1.196,1.389,-0.315,-0.002,0.000,0.000,-0.000,0.000
0.194,-0.671,1.169,-1.597,0.705,-0.002,-0.043,0.757,-1.197,1.391,-0.315,-0.002,0.000,0.000,-0.000,0.000
0.195,-0.670,1.170,-1.598,0.706,-0.002,-0.043,0.756,-1.199,1.392,-0.315,-0.002,0.000,0.000,-0.000,0.000
0.195,-0.670,1.171,-1.600,0.707,-0.002,-0.043,0.756,-1.200,1.393,-0.316,-0.002,0.000,0.000,-0.000,0.000
0.195,-0.669,1.172,-1.601,0.707,-0.002,-0.043,0.755,-1.201,1.394,-0.316,-0.002,0.000,0.000,-0.000,0.000
0.195,-0.669,1.172,-1.601,0.707,-0.002,-0.043,0.755,-1.201,1.395,-0.316,-0.002,0.000,0.000,-0.000,0.000
0.195,-0.669,1.172,-1.601,0.708,-0.002,-0.043,0.755,-1.201,1.395,-0.316,-0.002,0.000,0.000,-0.000,0.000
0.195,-0.669,1.173,-1.602,0.708,-0.002,-0.043,0.755,-1.201,1.395,-0.316,-0.002,-0.003,0.000,0.000,0.000
0.195,-0.669,1.173,-1.602,0.708,-0.002,-0.043,0.755,-1.201,1.395,-0.316,-0.002,-0.007,0.000,0.000,0.000
0.195,-0.669,1.173,-1.602,0.708,-0.002,-0.043,0.755,-1.201,1.395,-0.316,-0.002,-0.017,0.000,0.000,0.000
0.195,-0.669,1.173,-1.602,0.708,-0.002,-0.043,0.755,-1.201,1.395,-0.316,-0.002,-0.024,0.000,0.000,0.000
0.195,-0.669,1.173,-1.602,0.708,-0.002,-0.043,0.755,-1.201,1.395,-0.316,-0.002,-0.031,0.000,0.000,0.000
0.195,-0.669,1.173,-1.602,0.708,-0.002,-0.043,0.755,-1.201,1.395,-0.316,-0.002,-0.038,0.000,0.000,0.000
0.195,-0.669,1.173,-1.602,0.708,-0.002,-0.043,0.755,-1.201,1.395,-0.316,-0.002,-0.045,0.000,0.000,0.000
0.195,-0.669,1.173,-1.602,0.708,-0.002,-0.043,0.755,-1.201,1.395,-0.316,-0.002,-0.052,0.000,0.000,0.000
0.195,-0.669,1.173,-1.602,0.708,-0.002,-0.043,0.755,-1.201,1.395,-0.316,-0.002,-0.057,-0.000,0.000,0.000
0.195,-0.669,1.173,-1.602,0.708,-0.002,-0.043,0.755,-1.201,1.395,-0.316,-0.002,-0.066,-0.000,0.000,0.000
0.195,-0.669,1.173,-1.602,0.708,-0.002,-0.043,0.755,-1.201,1.395,-0.316,-0.002,-0.071,-0.000,0.000,0.000
0.195,-0.669,1.173,-1.602,0.708,-0.002,-0.043,0.755,-1.201,1.395,-0.316,-0.002,-0.084,0.000,0.000,-0.000
0.195,-0.669,1.173,-1.602,0.708,-0.002,-0.043,0.755,-1.201,1.395,-0.316,-0.002,-0.085,0.000,0.000,0.000
0.195,-0.669,1.173,-1.602,0.708,-0.002,-0.043,0.755,-1.201,1.395,-0.316,-0.002,-0.098,0.000,0.000,0.000
0.195,-0.669,1.173,-1.602,0.708,-0.002,-0.043,0.755,-1.201,1.395,-0.316,-0.002,-0.101,-0.000,0.000,0.000
0.195,-0.669,1.173,-1.602,0.708,-0.002,-0.043,0.755,-1.201,1.395,-0.316,-0.002,-0.105,-0.000,0.000,0.000
0.195,-0.669,1.173,-1.602,0.708,-0.002,-0.043,0.755,-1.201,1.395,-0.316,-0.002,-0.115,-0.000,0.000,0.000
0.195,-0.669,1.173,-1.602,0.708,-0.002,-0.043,0.755,-1.201,1.395,-0.316,-0.002,-0.122,-0.000,0.000,0.000
0.195,-0.669,1.173,-1.602,0.708,-0.002,-0.043,0.755,-1.201,1.395,-0.316,-0.002,-0.129,-0.000,0.000,0.000
0.195,-0.669,1.173,-1.602,0.708,-0.002,-0.043,0.755,-1.201,1.395,-0.316,-0.002,-0.136,-0.000,0.000,0.000
0.195,-0.669,1.173,-1.602,0.708,-0.002,-0.043,0.755,-1.201,1.395,-0.316,-0.002,-0.143,-0.000,-0.000,0.000
0.195,-0.669,1.173,-1.602,0.708,-0.002,-0.043,0.755,-1.201,1.395,-0.316,-0.002,-0.150,-0.000,-0.000,0.000
0.195,-0.669,1.173,-1.602,0.708,-0.002,-0.043,0.755,-1.201,1.395,-0.316,-0.002,-0.155,-0.000,-0.000,0.000
0.195,-0.669,1.173,-1.602,0.708,-0.002,-0.043,0.755,-1.201,1.395,-0.316,-0.002,-0.164,-0.000,-0.000,0.000
0.195,-0.669,1.173,-1.602,0.708,-0.002,-0.043,0.755,-1.201,1.395,-0.316,-0.002,-0.169,-0.000,-0.000,0.000
0.195,-0.669,1.173,-1.602,0.708,-0.002,-0.043,0.755,-1.201,1.395,-0.316,-0.002,-0.156,-0.000,-0.000,0.000
0.195,-0.669,1.173,-1.602,0.708,-0.002,-0.043,0.755,-1.201,1.395,-0.316,-0.002,-0.152,-0.000,-0.000,0.000
0.195,-0.669,1.173,-1.602,0.708,-0.002,-0.043,0.755,-1.201,1.395,-0.316,-0.002,-0.129,-0.000,0.000,0.000
0.195,-0.669,1.173,-1.602,0.708,-0.002,-0.043,0.755,-1.201,1.395,-0.316,-0.002,-0.120,-0.000,0.000,0.000
0.195,-0.669,1.173,-1.602,0.708,-0.002,-0.043,0.755,-1.201,1.395,-0.316,-0.002,-0.113,-0.000,0.000,0.000
0.195,-0.669,1.173,-1.602,0.708,-0.002,-0.043,0.755,-1.201,1.395,-0.316,-0.002,-0.092,-0.000,0.000,0.000
0.195,-0.669,1.173,-1.602,0.708,-0.002,-0.043,0.755,-1.201,1.395,-0.316,-0.002,-0.079,-0.000,0.000,0.000
0.195,-0.669,1.173,-1.602,0.708,-0.002,-0.043,0.755,-1.201,1.395,-0.316,-0.002,-0.065,-0.000,0.000,0.000
0.195,-0.669,1.173,-1.602,0.708,-0.002,-0.043,0.755,-1.201,1.395,-0.316,-0.002,-0.051,-0.000,0.000,0.000
0.195,-0.669,1.173,-1.602,0.708,-0.002,-0.043,0.755,-1.201,1.395,-0.316,-0.002,-0.038,0.000,0.000,0.000
0.195,-0.669,1.173,-1.602,0.708,-0.002,-0.043,0.755,-1.201,1.395,-0.316,-0.002,-0.024,-0.000,0.000,0.000
0.195,-0.669,1.173,-1.602,0.708,-0.002,-0.043,0.755,-1.201,1.395,-0.316,-0.002,-0.015,-0.000,0.000,0.000
0.195,-0.669,1.173,-1.602,0.708,-0.002,-0.043,0.755,-1.201,1.395,-0.316,-0.002,0.003,-0.000,0.000,0.000
0.195,-0.669,1.173,-1.602,0.708,-0.002,-0.043,0.755,-1.201,1.395,-0.316,-0.002,0.012,-0.000,0.000,0.000
0.195,-0.669,1.173,-1.602,0.708,-0.002,-0.043,0.755,-1.201,1.395,-0.316,-0.002,0.036,0.000,0.000,0.000
0.195,-0.669,1.173,-1.602,0.708,-0.002,-0.043,0.755,-1.201,1.395,-0.316,-0.002,0.039,-0.000,0.000,0.000
0.195,-0.669,1.173,-1.602,0.708,-0.002,-0.043,0.755,-1.201,1.395,-0.316,-0.002,0.063,-0.000,-0.000,0.000
0.195,-0.669,1.173,-1.602,0.708,-0.002,-0.043,0.755,-1.201,1.395,-0.316,-0.002,0.072,-0.000,-0.000,0.000
0.195,-0.669,1.173,-1.602,0.708,-0.002,-0.043,0.755,-1.201,1.395,-0.316,-0.002,0.079,-0.000,-0.000,0.000
0.195,-0.669,1.173,-1.602,0.708,-0.002,-0.043,0.755,-1.201,1.395,-0.316,-0.002,0.099,-0.000,-0.000,0.000
0.195,-0.669,1.173,-1.602,0.708,-0.002,-0.043,0.755,-1.201,1.395,-0.316,-0.002,0.113,-0.000,-0.000,0.000
0.195,-0.669,1.173,-1.602,0.708,-0.002,-0.043,0.755,-1.201,1.395,-0.316,-0.002,0.127,-0.000,-0.000,0.000
0.195,-0.669,1.173,-1.602,0.708,-0.002,-0.043,0.755,-1.201,1.395,-0.316,-0.002,0.140,-0.000,-0.000,0.000
0.195,-0.669,1.173,-1.602,0.708,-0.002,-0.043,0.755,-1.201,1.395,-0.316,-0.002,0.154,-0.000,-0.000,0.000
0.195,-0.669,1.173,-1.602,0.708,-0.002,-0.043,0.755,-1.201,1.395,-0.316,-0.002,0.168,-0.000,-0.000,0.000
0.195,-0.669,1.173,-1.602,0.708,-0.002,-0.043,0.755,-1.201,1.395,-0.316,-0.002,0.173,-0.000,-0.000,0.000
0.195,-0.669,1.173,-1.602,0.708,-0.002,-0.043,0.755,-1.201,1.395,-0.316,-0.002,0.141,-0.000,0.000,0.000
0.195,-0.669,1.173,-1.602,0.708,-0.002,-0.043,0.755,-1.201,1.395,-0.316,-0.002,0.132,-0.000,0.000,0.000
0.195,-0.669,1.173,-1.602,0.708,-0.002,-0.043,0.755,-1.201,1.395,-0.316,-0.002,0.109,-0.000,0.000,0.000
0.195,-0.669,1.173,-1.602,0.708,-0.002,-0.043,0.755,-1.201,1.395,-0.316,-0.002,0.106,-0.000,0.000,0.000
0.195,-0.669,1.173,-1.602,0.708,-0.002,-0.043,0.755,-1.201,1.395,-0.316,-0.002,0.082,-0.000,0.000,0.000
0.195,-0.669,1.173,-1.602,0.708,-0.002,-0.043,0.755,-1.201,1.395,-0.316,-0.002,0.074,-0.000,0.000,0.000
0.195,-0.669,1.173,-1.602,0.708,-0.002,-0.043,0.755,-1.201,1.395,-0.316,-0.002,0.067,-0.000,0.000,0.000
0.195,-0.669,1.173,-1.602,0.708,-0.002,-0.043,0.755,-1.201,1.395,-0.316,-0.002,0.047,-0.000,0.000,0.000
0.195,-0.669,1.173,-1.602,0.708,-0.002,-0.043,0.755,-1.201,1.395,-0.316,-0.002,0.033,-0.000,0.000,0.000
0.195,-0.669,1.173,-1.602,0.708,-0.002,-0.043,0.755,-1.201,1.395,-0.316,-0.002,0.020,-0.000,0.000,0.000
0.195,-0.669,1.173,-1.602,0.708,-0.002,-0.043,0.755,-1.201,1.395,-0.316,-0.002,0.007,-0.000,0.000,0.000
0.195,-0.669,1.173,-1.602,0.708,-0.002,-0.043,0.755,-1.201,1.395,-0.316,-0.002,-0.002,-0.000,0.000,0.000
0.195,-0.669,1.173,-1.602,0.708,-0.002,-0.043,0.755,-1.201,1.395,-0.316,-0.002,-0.020,-0.000,0.000,0.000
0.195,-0.669,1.173,-1.602,0.708,-0.002,-0.043,0.755,-1.201,1.395,-0.316,-0.002,-0.029,-0.000,0.000,0.000
0.195,-0.669,1.173,-1.602,0.708,-0.002,-0.043,0.755,-1.201,1.395,-0.316,-0.002,-0.052,0.000,0.000,0.000
0.195,-0.669,1.173,-1.602,0.708,-0.002,-0.043,0.755,-1.201,1.395,-0.316,-0.002,-0.055,-0.000,0.000,0.000
0.195,-0.669,1.173,-1.602,0.708,-0.002,-0.043,0.755,-1.201,1.395,-0.316,-0.002,-0.079,-0.000,0.000,0.000
0.195,-0.669,1.173,-1.602,0.708,-0.002,-0.043,0.755,-1.201,1.395,-0.316,-0.002,-0.087,0.000,0.000,0.000
0.195,-0.669,1.173,-1.602,0.708,-0.002,-0.043,0.755,-1.201,1.395,-0.316,-0.002,-0.094,0.000,0.000,0.000
0.195,-0.669,1.173,-1.602,0.708,-0.002,-0.043,0.755,-1.201,1.395,-0.316,-0.002,-0.114,0.000,0.000,0.000
0.195,-0.669,1.173,-1.602,0.708,-0.002,-0.043,0.755,-1.201,1.395,-0.316,-0.002,-0.121,0.000,0.000,0.000
0.195,-0.669,1.173,-1.602,0.708,-0.002,-0.043,0.755,-1.201,1.395,-0.316,-0.002,-0.141,0.000,-0.000,0.000
0.195,-0.669,1.173,-1.602,0.708,-0.002,-0.043,0.755,-1.201,1.395,-0.316,-0.002,-0.154,0.000,-0.000,0.000
0.195,-0.669,1.173,-1.602,0.708,-0.002,-0.043,0.755,-1.201,1.395,-0.316,-0.002,-0.168,0.000,-0.000,0.000
0.195,-0.669,1.173,-1.602,0.708,-0.002,-0.043,0.755,-1.201,1.395,-0.316,-0.002,-0.167,0.000,-0.000,0.000
0.195,-0.669,1.173,-1.602,0.708,-0.002,-0.043,0.755,-1.201,1.395,-0.316,-0.002,-0.142,0.000,0.000,0.000
0.195,-0.669,1.173,-1.602,0.708,-0.002,-0.043,0.755,-1.201,1.395,-0.316,-0.002,-0.129,0.000,0.000,0.000
0.195,-0.669,1.173,-1.602,0.708,-0.002,-0.043,0.755,-1.201,1.395,-0.316,-0.002,-0.121,0.000,0.000,-0.000
0.195,-0.669,1.173,-1.602,0.708,-0.002,-0.043,0.755,-1.201,1.395,-0.316,-0.002,-0.102,0.000,0.000,0.000
0.195,-0.669,1.173,-1.602,0.708,-0.002,-0.043,0.755,-1.201,1.395,-0.316,-0.002,-0.094,0.000,0.000,0.000
0.195,-0.669,1.173,-1.602,0.708,-0.002,-0.043,0.755,-1.201,1.395,-0.316,-0.002,-0.070,0.000,0.000,0.000
0.195,-0.669,1.173,-1.602,0.708,-0.002,-0.043,0.755,-1.201,1.395,-0.316,-0.002,-0.067,0.000,0.000,0.000
0.195,-0.669,1.173,-1.602,0.708,-0.002,-0.043,0.755,-1.201,1.395,-0.316,-0.002,-0.043,0.000,0.000,0.000
0.195,-0.669,1.173,-1.602,0.708,-0.002,-0.043,0.755,-1.201,1.395,-0.316,-0.002,-0.035,0.000,0.000,0.000
0.195,-0.669,1.173,-1.602,0.708,-0.002,-0.043,0.755,-1.201,1.395,-0.316,-0.002,-0.028,-0.000,0.000,0.000
0.195,-0.669,1.173,-1.602,0.708,-0.002,-0.043,0.755,-1.201,1.395,-0.316,-0.002,-0.008,0.000,0.000,0.000
0.195,-0.669,1.173,-1.602,0.708,-0.002,-0.043,0.755,-1.201,1.395,-0.316,-0.002,0.006,0.000,0.000,0.000
0.195,-0.669,1.173,-1.602,0.708,-0.002,-0.043,0.755,-1.201,1.395,-0.316,-0.002,0.019,0.000,0.000,0.000
0.195,-0.669,1.173,-1.602,0.708,-0.002,-0.043,0.755,-1.201,1.395,-0.316,-0.002,0.033,0.000,0.000,0.000
0.195,-0.669,1.173,-1.602,0.708,-0.002,-0.043,0.755,-1.201,1.395,-0.316,-0.002,0.046,0.000,0.000,0.000
0.195,-0.669,1.173,-1.602,0.708,-0.002,-0.043,0.755,-1.201,1.395,-0.316,-0.002,0.060,0.000,0.000,0.000
0.195,-0.669,1.173,-1.602,0.708,-0.002,-0.043,0.755,-1.201,1.395,-0.316,-0.002,0.073,0.000,-0.000,0.000
0.195,-0.669,1.173,-1.602,0.708,-0.002,-0.043,0.755,-1.201,1.395,-0.316,-0.002,0.087,0.000,-0.000,0.000
0.195,-0.669,1.173,-1.602,0.708,-0.002,-0.043,0.755,-1.201,1.395,-0.316,-0.002,0.100,0.000,-0.000,0.000
0.195,-0.669,1.173,-1.602,0.708,-0.002,-0.043,0.755,-1.201,1.395,-0.316,-0.002,0.114,0.000,-0.000,0.000
0.195,-0.669,1.173,-1.602,0.708,-0.002,-0.043,0.755,-1.201,1.395,-0.316,-0.002,0.122,0.000,-0.000,0.000
0.195,-0.669,1.173,-1.602,0.708,-0.002,-0.043,0.755,-1.201,1.395,-0.316,-0.002,0.146,0.000,-0.000,0.000
0.195,-0.669,1.173,-1.602,0.708,-0.002,-0.043,0.755,-1.201,1.395,-0.316,-0.002,0.149,0.000,-0.000,0.000
0.195,-0.669,1.173,-1.602,0.708,-0.002,-0.043,0.755,-1.201,1.395,-0.316,-0.002,0.172,0.000,-0.000,0.000
0.195,-0.669,1.173,-1.602,0.708,-0.002,-0.043,0.755,-1.201,1.395,-0.316,-0.002,0.167,0.000,0.000,0.000
0.195,-0.669,1.173,-1.602,0.708,-0.002,-0.043,0.755,-1.201,1.395,-0.316,-0.002,0.164,0.000,0.000,0.000
0.195,-0.669,1.172,-1.601,0.708,-0.002,-0.043,0.755,-1.201,1.395,-0.316,-0.002,0.164,0.000,0.000,0.000
0.195,-0.669,1.172,-1.601,0.708,-0.002,-0.043,0.755,-1.201,1.395,-0.316,-0.002,0.163,0.000,0.000,0.000
0.195,-0.669,1.172,-1.601,0.707,-0.002,-0.043,0.755,-1.201,1.394,-0.316,-0.002,0.160,0.000,-0.000,0.000
0.195,-0.669,1.172,-1.601,0.707,-0.002,-0.043,0.755,-1.200,1.394,-0.316,-0.002,0.159,0.000,0.000,0.000
0.195,-0.670,1.171,-1.599,0.706,-0.002,-0.043,0.756,-1.199,1.393,-0.316,-0.002,0.157,0.000,0.000,0.000
0.195,-0.670,1.170,-1.598,0.706,-0.002,-0.043,0.756,-1.199,1.392,-0.315,-0.002,0.155,0.000,0.000,0.000
0.194,-0.672,1.168,-1.595,0.705,-0.002,-0.043,0.757,-1.197,1.390,-0.315,-0.002,0.154,0.000,0.000,0.000
0.194,-0.672,1.167,-1.594,0.704,-0.002,-0.043,0.758,-1.196,1.389,-0.315,-0.002,0.152,0.000,0.000,0.000
0.194,-0.673,1.165,-1.591,0.703,-0.002,-0.043,0.759,-1.194,1.386,-0.314,-0.002,0.150,0.000,0.000,0.000
0.193,-0.675,1.162,-1.588,0.701,-0.002,-0.043,0.761,-1.191,1.383,-0.313,-0.002,0.148,0.000,0.000,0.000
0.193,-0.677,1.159,-1.584,0.700,-0.002,-0.042,0.762,-1.188,1.379,-0.313,-0.002,0.147,0.000,0.000,0.000
0.192,-0.680,1.154,-1.576,0.696,-0.002,-0.042,0.765,-1.182,1.373,-0.311,-0.002,0.144,0.000,0.000,0.000
0.191,-0.682,1.152,-1.573,0.695,-0.002,-0.042,0.767,-1.180,1.370,-0.310,-0.002,0.143,0.000,0.000,0.000
0.190,-0.686,1.144,-1.563,0.690,-0.002,-0.042,0.771,-1.172,1.361,-0.308,-0.002,0.141,0.000,0.000,0.000
0.189,-0.690,1.138,-1.555,0.687,-0.002,-0.042,0.774,-1.166,1.354,-0.307,-0.002,0.140,0.000,0.000,0.000
0.189,-0.690,1.138,-1.555,0.687,-0.002,-0.042,0.774,-1.166,1.354,-0.307,-0.002,0.139,0.000,0.000,0.000
0.187,-0.698,1.125,-1.537,0.679,-0.002,-0.041,0.781,-1.152,1.339,-0.303,-0.002,0.137,0.000,0.000,0.000
0.187,-0.698,1.125,-1.537,0.679,-0.002,-0.041,0.781,-1.152,1.339,-0.303,-0.002,0.136,0.000,0.000,0.000
0.184,-0.708,1.109,-1.515,0.669,-0.001,-0.041,0.790,-1.136,1.319,-0.299,-0.001,0.133,0.000,0.000,0.000
0.184,-0.711,1.105,-1.509,0.667,-0.001,-0.040,0.792,-1.132,1.314,-0.298,-0.001,0.132,0.000,0.000,0.000
0.181,-0.720,1.090,-1.489,0.658,-0.001,-0.040,0.800,-1.117,1.297,-0.294,-0.001,0.130,0.000,0.000,0.000
0.180,-0.723,1.085,-1.482,0.655,-0.001,-0.040,0.803,-1.112,1.291,-0.293,-0.001,0.128,0.000,0.000,0.000
0.178,-0.733,1.069,-1.460,0.645,-0.001,-0.039,0.812,-1.095,1.272,-0.288,-0.001,0.127,0.000,0.000,0.000
0.177,-0.737,1.063,-1.452,0.642,-0.001,-0.039,0.815,-1.089,1.265,-0.287,-0.001,0.125,0.000,0.000,0.000
0.174,-0.748,1.045,-1.427,0.631,-0.001,-0.038,0.825,-1.070,1.243,-0.282,-0.001,0.123,0.000,0.000,0.000
0.173,-0.752,1.038,-1.418,0.627,-0.001,-0.038,0.828,-1.064,1.236,-0.280,-0.001,0.122,0.000,0.000,0.000
0.170,-0.760,1.025,-1.400,0.619,-0.001,-0.038,0.836,-1.050,1.220,-0.276,-0.001,0.120,0.000,0.000,0.000
0.168,-0.769,1.011,-1.381,0.610,-0.001,-0.037,0.843,-1.036,1.203,-0.273,-0.001,0.118,0.000,0.000,0.000
0.166,-0.778,0.997,-1.361,0.601,-0.001,-0.036,0.851,-1.021,1.186,-0.269,-0.001,0.117,0.000,0.000,0.000
0.162,-0.792,0.973,-1.330,0.587,-0.001,-0.036,0.864,-0.997,1.158,-0.262,-0.001,0.114,0.000,0.000,0.000
0.161,-0.797,0.965,-1.319,0.583,-0.001,-0.035,0.868,-0.989,1.149,-0.260,-0.001,0.113,0.000,0.000,0.000
0.156,-0.813,0.941,-1.285,0.568,-0.001,-0.034,0.882,-0.964,1.119,-0.254,-0.001,0.111,0.000,0.000,0.000
0.154,-0.823,0.924,-1.261,0.557,-0.001,-0.034,0.891,-0.946,1.099,-0.249,-0.001,0.110,0.000,0.000,0.000
0.154,-0.823,0.924,-1.261,0.557,-0.001,-0.034,0.891,-0.946,1.099,-0.249,-0.001,0.109,0.000,0.000,0.000
0.148,-0.846,0.888,-1.212,0.536,-0.001,-0.033,0.911,-0.909,1.056,-0.239,-0.001,0.107,0.000,0.000,0.000
0.146,-0.851,0.878,-1.200,0.530,-0.001,-0.032,0.916,-0.900,1.045,-0.237,-0.001,0.105,0.000,0.000,0.000
0.141,-0.869,0.850,-1.161,0.513,-0.001,-0.031,0.932,-0.871,1.011,-0.229,-0.001,0.103,0.000,0.000,0.000
0.140,-0.875,0.840,-1.147,0.507,-0.001,-0.031,0.937,-0.861,1.000,-0.226,-0.001,0.102,0.000,0.000,0.000
0.135,-0.893,0.810,-1.107,0.489,-0.001,-0.030,0.953,-0.830,0.964,-0.218,-0.001,0.100,0.000,0.000,0.000
0.133,-0.900,0.800,-1.093,0.483,-0.001,-0.029,0.959,-0.820,0.952,-0.216,-0.001,0.098,0.000,0.000,0.000
0.128,-0.919,0.770,-1.051,0.464,-0.001,-0.028,0.975,-0.788,0.916,-0.207,-0.001,0.096,0.000,0.000,0.000
0.126,-0.925,0.759,-1.037,0.458,-0.001,-0.028,0.981,-0.778,0.903,-0.205,-0.001,0.095,0.000,0.000,0.000
0.123,-0.938,0.738,-1.008,0.445,-0.001,-0.027,0.993,-0.756,0.878,-0.199,-0.001,0.093,0.000,0.000,0.000
0.117,-0.958,0.706,-0.965,0.426,-0.001,-0.026,1.010,-0.723,0.840,-0.190,-0.001,0.091,0.000,0.000,0.000
0.116,-0.965,0.695,-0.950,0.420,-0.001,-0.025,1.016,-0.712,0.827,-0.187,-0.001,0.090,0.000,0.000,0.000
0.110,-0.985,0.663,-0.906,0.400,-0.001,-0.024,1.034,-0.679,0.789,-0.179,-0.001,0.087,0.000,0.000,0.000
0.107,-0.998,0.641,-0.876,0.387,-0.001,-0.023,1.046,-0.657,0.763,-0.173,-0.001,0.086,0.000,0.000,0.000
0.107,-0.998,0.641,-0.876,0.387,-0.001,-0.023,1.046,-0.657,0.763,-0.173,-0.001,0.086,0.000,0.000,0.000
0.099,-1.026,0.597,-0.816,0.360,-0.001,-0.022,1.070,-0.612,0.711,-0.161,-0.001,0.083,0.000,0.000,0.000
0.097,-1.033,0.586,-0.801,0.354,-0.001,-0.021,1.076,-0.601,0.698,-0.158,-0.001,0.081,0.000,0.000,0.000
0.092,-1.053,0.553,-0.756,0.334,-0.001,-0.020,1.094,-0.567,0.658,-0.149,-0.001,0.080,0.000,0.000,0.000
0.090,-1.060,0.542,-0.741,0.327,-0.001,-0.020,1.100,-0.556,0.645,-0.146,-0.001,0.078,0.000,0.000,0.000
0.085,-1.080,0.510,-0.696,0.307,-0.001,-0.019,1.118,-0.522,0.606,-0.137,-0.001,0.076,0.000,0.000,0.000
0.083,-1.087,0.499,-0.681,0.301,-0.001,-0.018,1.124,-0.511,0.593,-0.134,-0.001,0.075,0.000,0.000,0.000
0.078,-1.107,0.466,-0.637,0.281,-0.001,-0.017,1.141,-0.478,0.555,-0.126,-0.001,0.073,0.000,0.000,0.000
0.076,-1.114,0.456,-0.622,0.275,-0.001,-0.017,1.147,-0.467,0.542,-0.123,-0.001,0.071,0.000,0.000,0.000
0.070,-1.133,0.424,-0.579,0.256,-0.001,-0.016,1.164,-0.434,0.504,-0.114,-0.001,0.070,0.000,0.000,0.000
0.067,-1.146,0.403,-0.550,0.243,-0.001,-0.015,1.176,-0.413,0.479,-0.109,-0.001,0.067,0.000,0.000,0.000
0.065,-1.153,0.393,-0.536,0.237,-0.001,-0.014,1.182,-0.402,0.467,-0.106,-0.001,0.066,0.000,0.000,0.000
0.062,-1.165,0.372,-0.508,0.225,-0.000,-0.014,1.193,-0.381,0.443,-0.100,-0.000,0.065,0.000,0.000,0.000
0.059,-1.178,0.352,-0.481,0.212,-0.000,-0.013,1.204,-0.361,0.419,-0.095,-0.000,0.063,0.000,0.000,0.000
0.054,-1.196,0.323,-0.441,0.195,-0.000,-0.012,1.220,-0.331,0.384,-0.087,-0.000,0.060,0.000,0.000,0.000
0.052,-1.202,0.313,-0.428,0.189,-0.000,-0.011,1.225,-0.321,0.372,-0.084,-0.000,0.060,0.000,0.000,0.000
0.047,-1.220,0.285,-0.389,0.172,-0.000,-0.010,1.240,-0.292,0.339,-0.077,-0.000,0.057,0.000,0.000,0.000
0.044,-1.231,0.267,-0.364,0.161,-0.000,-0.010,1.250,-0.273,0.317,-0.072,-0.000,0.056,0.000,0.000,0.000
0.044,-1.231,0.267,-0.364,0.161,-0.000,-0.010,1.250,-0.273,0.317,-0.072,-0.000,0.055,-0.000,0.000,0.000
0.039,-1.252,0.232,-0.317,0.140,-0.000,-0.008,1.269,-0.237,0.276,-0.062,-0.000,0.053,0.000,0.000,0.000
0.037,-1.258,0.223,-0.305,0.135,-0.000,-0.008,1.274,-0.229,0.266,-0.060,-0.000,0.051,-0.000,0.000,0.000
0.033,-1.273,0.199,-0.272,0.120,-0.000,-0.007,1.287,-0.204,0.237,-0.054,-0.000,0.049,-0.000,0.000,0.000
0.032,-1.278,0.191,-0.261,0.115,-0.000,-0.007,1.292,-0.196,0.228,-0.052,-0.000,0.048,0.000,0.000,0.000
0.028,-1.292,0.169,-0.230,0.102,-0.000,-0.006,1.304,-0.173,0.201,-0.045,-0.000,0.046,0.000,0.000,0.000
0.027,-1.296,0.161,-0.220,0.097,-0.000,-0.006,1.308,-0.165,0.192,-0.044,-0.000,0.044,0.000,0.000,0.000
0.025,-1.305,0.147,-0.201,0.089,-0.000,-0.005,1.316,-0.151,0.175,-0.040,-0.000,0.043,0.000,0.000,0.000
0.022,-1.313,0.134,-0.183,0.081,-0.000,-0.005,1.323,-0.137,0.160,-0.036,-0.000,0.041,0.000,0.000,0.000
0.020,-1.321,0.121,-0.166,0.073,-0.000,-0.004,1.330,-0.124,0.144,-0.033,-0.000,0.039,0.000,0.000,0.000
0.017,-1.332,0.104,-0.141,0.062,-0.000,-0.004,1.340,-0.106,0.123,-0.028,-0.000,0.037,0.000,0.000,0.000
0.016,-1.335,0.098,-0.134,0.059,-0.000,-0.004,1.343,-0.100,0.117,-0.026,-0.000,0.036,0.000,0.000,0.000
0.014,-1.345,0.082,-0.112,0.050,-0.000,-0.003,1.351,-0.084,0.098,-0.022,-0.000,0.034,0.000,0.000,0.000
0.012,-1.351,0.072,-0.099,0.044,-0.000,-0.003,1.357,-0.074,0.086,-0.020,-0.000,0.033,0.000,-0.000,0.000
0.012,-1.351,0.072,-0.099,0.044,-0.000,-0.003,1.357,-0.074,0.086,-0.020,-0.000,0.032,0.000,-0.000,0.000
0.009,-1.362,0.055,-0.075,0.033,-0.000,-0.002,1.366,-0.057,0.066,-0.015,-0.000,0.029,0.000,-0.000,0.000
0.009,-1.364,0.051,-0.070,0.031,-0.000,-0.002,1.368,-0.052,0.061,-0.014,-0.000,0.028,0.000,-0.000,0.000
0.007,-1.371,0.040,-0.055,0.024,-0.000,-0.001,1.374,-0.041,0.048,-0.011,-0.000,0.026,0.000,-0.000,0.000
0.006,-1.373,0.037,-0.051,0.022,-0.000,-0.001,1.376,-0.038,0.044,-0.010,-0.000,0.024,0.000,-0.000,0.000
0.005,-1.379,0.028,-0.039,0.017,-0.000,-0.001,1.381,-0.029,0.034,-0.008,-0.000,0.023,0.000,-0.000,0.000
0.004,-1.380,0.026,-0.035,0.016,-0.000,-0.001,1.382,-0.026,0.031,-0.007,-0.000,0.021,0.000,-0.000,0.000
0.003,-1.383,0.021,-0.029,0.013,-0.000,-0.001,1.385,-0.022,0.025,-0.006,-0.000,0.019,0.000,-0.000,0.000
0.003,-1.386,0.017,-0.023,0.010,-0.000,-0.001,1.387,-0.017,0.020,-0.005,-0.000,0.018,0.000,-0.000,0.000
0.002,-1.388,0.013,-0.018,0.008,-0.000,-0.000,1.389,-0.013,0.016,-0.004,-0.000,0.016,0.000,-0.000,0.000
0.001,-1.391,0.009,-0.012,0.005,-0.000,-0.000,1.392,-0.009,0.010,-0.002,-0.000,0.013,0.000,-0.000,0.000
0.001,-1.392,0.007,-0.010,0.004,-0.000,-0.000,1.392,-0.008,0.009,-0.002,-0.000,0.013,0.000,-0.000,0.000
0.001,-1.394,0.004,-0.006,0.003,-0.000,-0.000,1.394,-0.005,0.005,-0.001,-0.000,0.010,0.000,-0.000,0.000
0.000,-1.394,0.003,-0.004,0.002,-0.000,-0.000,1.395,-0.003,0.003,-0.001,-0.000,0.009,0.000,-0.000,0.000
0.000,-1.394,0.003,-0.004,0.002,-0.000,-0.000,1.395,-0.003,0.003,-0.001,-0.000,0.008,0.000,-0.000,0.000
0.000,-1.396,0.001,-0.001,0.001,-0.000,-0.000,1.396,-0.001,0.001,-0.000,-0.000,0.006,0.000,-0.000,0.000
0.000,-1.396,0.001,-0.001,0.000,-0.000,-0.000,1.396,-0.001,0.001,-0.000,-0.000,0.004,0.000,-0.000,0.000
0.000,-1.396,0.000,-0.000,0.000,-0.000,-0.000,1.396,-0.000,0.000,-0.000,-0.000,0.003,0.000,-0.000,0.000
